5 58
1 59
1 33
2 42
2 33
1 58
2 126
2 58
2 33
1 59
1 58
1 33
1 42
1 33
1 59
4 33
6 42
4 33
1 59
32 126
3 44
1 45
40 126
5 58
4 126
3 45
1 126
22 58
1 10
5 58
1 59
1 42
3 33
1 59
9 126
2 33
2 59
2 33
8 42
5 33
32 126
3 44
1 45
3 126
2 58
16 126
1 58
18 126
5 58
4 126
3 45
1 126
22 58
1 10
5 58
1 59
3 33
2 59
1 126
1 58
7 126
2 58
2 59
3 33
10 42
2 33
32 126
3 44
1 45
21 126
1 58
15 126
10 58
2 126
3 45
23 58
1 10
5 58
1 59
2 33
2 59
11 45
1 126
1 58
2 59
2 33
12 42
1 58
31 126
3 44
1 45
38 126
9 58
2 126
3 45
23 58
1 10
5 58
1 59
1 33
2 59
1 126
12 45
1 126
2 59
2 33
8 42
4 61
1 58
31 126
3 44
1 45
38 126
9 58
2 126
3 45
23 58
1 10
5 58
1 59
2 33
1 59
14 45
1 58
1 33
3 42
7 61
3 36
1 61
1 59
31 126
3 44
1 45
39 126
8 58
2 126
3 45
23 58
1 10
5 58
1 59
1 61
1 42
1 59
4 45
2 44
8 45
1 58
1 33
2 61
4 36
3 61
5 36
1 59
3 126
1 58
27 126
3 44
1 45
31 126
1 58
7 126
8 58
2 126
3 45
23 58
1 10
5 58
1 59
1 36
1 61
1 33
14 45
1 126
1 42
1 61
13 36
1 59
31 126
1 45
2 44
1 45
38 126
1 58
1 126
8 58
1 126
3 45
1 126
22 58
1 10
6 58
2 61
1 33
1 126
10 45
1 44
3 45
1 42
1 61
6 36
2 61
5 36
1 59
31 126
1 45
2 44
1 45
41 126
7 58
1 126
3 45
1 126
22 58
1 10
6 58
2 61
1 33
1 58
9 45
2 44
3 45
1 42
1 61
4 36
2 61
7 36
1 59
31 126
1 45
2 44
1 45
42 126
6 58
1 126
3 45
23 58
1 10
6 58
3 42
1 58
13 45
1 126
1 33
2 61
1 36
4 61
1 35
4 36
1 61
1 36
1 33
31 126
4 45
43 126
5 58
1 126
3 45
23 58
1 10
6 58
1 42
1 61
1 42
1 59
1 126
5 45
1 44
6 45
1 59
1 42
4 36
2 42
2 33
1 61
5 36
1 33
27 126
4 58
3 45
2 126
1 58
3 126
3 58
24 126
1 58
9 126
6 58
1 126
3 45
23 58
1 10
6 58
1 61
1 36
1 61
1 33
1 58
1 126
11 45
1 42
1 61
1 33
1 59
1 61
1 33
5 59
5 36
1 33
22 126
2 58
1 126
2 58
2 59
1 33
2 61
1 59
2 126
9 58
39 126
3 45
1 126
23 58
1 10
6 58
1 42
1 36
2 61
1 59
1 33
2 45
3 44
1 45
2 44
2 45
2 42
1 36
9 59
1 42
3 36
1 61
1 33
21 126
5 58
4 59
1 58
1 126
1 59
1 61
1 58
1 126
3 58
3 33
1 58
1 126
3 58
36 126
3 45
1 126
23 58
1 10
6 58
1 42
2 36
1 61
1 33
1 59
1 58
1 126
6 45
1 58
1 33
1 42
1 61
1 33
2 59
1 33
5 59
1 33
1 61
2 36
2 61
1 33
20 126
5 58
5 59
1 33
2 59
1 42
1 36
1 61
1 33
1 42
2 61
1 59
3 126
4 58
31 126
1 58
1 126
1 58
1 126
3 45
1 126
23 58
1 10
6 58
1 42
2 36
1 61
1 36
1 42
1 33
3 42
2 33
1 59
1 126
1 33
1 42
1 61
1 42
2 59
7 33
1 42
3 36
2 61
1 33
19 126
1 58
2 59
1 58
2 59
1 33
4 42
1 33
1 59
1 42
2 36
5 35
2 61
2 33
1 61
2 42
1 58
2 59
2 58
20 126
1 58
10 126
3 45
1 126
23 58
1 10
6 58
1 33
3 36
1 61
1 42
1 61
2 33
2 42
1 33
2 59
2 42
1 36
1 42
3 33
1 42
6 36
1 61
2 36
2 61
1 42
16 126
2 58
1 33
1 61
1 42
1 59
2 42
2 61
1 42
5 61
1 42
1 33
1 61
3 35
1 64
2 35
2 36
1 61
1 42
1 61
1 36
1 61
1 33
1 59
28 126
1 58
1 126
1 58
2 126
3 45
1 126
23 58
1 10
6 58
1 33
4 36
5 61
1 36
5 61
2 36
2 33
1 42
12 36
1 42
15 126
2 59
2 33
1 59
2 33
1 42
2 33
1 61
5 36
1 42
1 59
1 33
2 61
1 36
2 35
2 36
2 35
1 36
2 42
1 36
1 33
1 61
2 42
1 33
25 126
5 58
1 126
3 45
1 126
23 58
1 10
6 58
1 33
16 36
5 35
11 36
1 42
5 126
1 58
8 126
1 59
1 58
3 59
3 42
1 33
1 42
3 61
3 36
1 61
1 42
1 33
1 35
1 36
3 35
1 36
1 61
1 36
3 35
1 36
1 35
1 36
1 61
2 36
1 42
1 61
1 42
1 58
23 126
3 58
3 126
3 45
1 126
23 58
1 10
6 58
1 59
1 42
4 61
2 42
1 33
1 42
3 33
2 58
1 126
1 58
11 59
2 58
1 59
3 58
13 126
2 58
3 33
1 36
1 61
1 59
1 42
1 61
1 42
2 61
1 36
3 35
3 36
1 64
1 35
1 64
1 36
7 35
3 36
1 35
2 36
3 61
1 42
1 36
1 58
20 126
5 58
2 126
3 45
1 126
23 58
1 10
19 58
1 126
2 45
2 126
10 58
5 126
2 58
12 126
1 58
1 59
1 33
1 61
1 36
1 61
1 42
1 33
1 42
2 33
1 59
1 36
1 35
1 64
5 35
3 64
4 35
2 64
1 35
1 36
2 35
2 36
2 35
1 36
1 61
2 36
1 33
2 42
1 58
18 126
4 58
3 126
3 45
1 126
23 58
1 10
19 58
4 45
1 126
10 58
18 126
2 58
1 33
1 61
1 36
1 61
1 36
1 61
1 42
1 61
1 42
2 33
3 35
1 61
1 36
2 35
4 64
2 36
2 35
2 64
1 35
1 36
2 35
2 36
3 35
1 36
1 61
1 33
4 42
1 58
11 126
1 58
3 126
6 58
3 126
3 45
1 126
23 58
1 10
19 58
4 45
1 126
12 58
16 126
1 58
1 33
1 35
2 36
3 35
2 61
1 36
1 42
1 35
1 36
1 61
1 33
1 59
1 61
1 36
2 35
2 64
1 35
2 36
2 35
2 64
2 35
1 36
2 64
1 35
2 36
1 35
1 36
3 61
2 36
1 61
1 42
1 59
2 58
12 126
2 58
1 126
3 58
3 126
3 45
1 126
23 58
1 10
19 58
4 45
1 126
12 58
15 126
1 58
1 33
1 35
2 36
6 35
2 36
2 61
1 42
2 33
1 42
4 35
2 64
1 61
1 36
2 35
1 36
4 35
2 64
3 35
1 36
1 35
2 36
1 61
1 42
2 36
2 42
1 59
2 58
11 126
1 58
2 126
2 58
4 126
3 45
1 126
23 58
1 10
19 58
1 126
3 45
1 126
10 58
16 126
1 58
1 59
1 64
1 35
1 36
3 35
1 36
1 35
1 64
2 35
2 61
1 36
2 42
2 61
4 35
2 64
1 61
1 36
2 64
1 42
2 36
2 35
2 64
5 35
4 36
5 61
1 33
1 58
9 126
3 58
2 126
2 58
4 126
3 45
1 126
23 58
1 10
19 58
1 126
3 45
1 126
12 58
14 126
1 58
1 61
1 35
2 36
2 35
1 36
1 35
1 64
1 35
1 64
1 35
1 42
1 35
1 36
1 42
2 36
1 35
1 36
1 64
2 35
2 64
1 61
2 35
2 64
1 61
1 36
3 35
1 64
1 35
1 64
6 35
1 64
1 36
1 61
2 36
1 33
1 42
1 33
4 58
10 126
3 58
3 126
3 45
1 126
23 58
1 10
19 58
1 126
3 45
1 126
18 58
8 126
1 42
1 35
5 36
3 35
1 64
1 35
2 61
1 35
1 61
1 36
4 35
2 64
1 36
2 64
1 35
1 64
1 36
3 64
4 35
2 64
1 35
1 64
4 35
2 64
1 35
1 36
1 61
1 36
1 35
2 42
1 33
1 59
3 58
5 126
1 58
1 126
5 58
3 126
3 45
1 126
23 58
1 10
19 58
1 126
3 45
1 126
18 58
1 126
1 58
4 126
1 58
1 42
1 64
1 35
4 36
1 35
2 36
1 64
2 35
1 36
1 35
1 64
1 36
2 35
5 64
1 36
4 64
1 35
4 64
1 35
1 64
1 35
1 64
2 35
2 64
2 35
1 64
1 35
1 64
2 35
3 36
1 61
2 42
1 33
1 59
3 58
3 126
1 58
2 126
3 58
5 126
3 45
1 126
23 58
1 10
19 58
1 126
3 45
1 126
19 58
5 126
1 61
1 64
6 35
1 36
1 35
1 64
2 35
1 64
1 35
2 64
1 36
7 64
1 36
14 64
2 36
3 64
1 35
3 64
2 36
3 35
1 61
2 42
2 59
3 58
5 126
3 58
5 126
3 45
1 126
23 58
1 10
20 58
3 45
1 126
19 58
4 126
1 42
9 35
1 64
1 35
2 64
1 35
11 64
1 35
15 64
3 35
3 64
2 35
1 64
4 35
1 36
3 42
1 33
1 59
2 58
3 126
1 58
3 126
1 58
1 126
1 58
3 126
3 45
1 126
23 58
1 10
20 58
3 45
1 126
18 58
1 126
3 58
1 59
3 35
37 64
2 35
1 64
4 35
2 64
2 35
3 64
2 35
1 33
2 42
2 33
3 58
2 126
2 58
2 126
3 58
3 126
3 45
1 126
23 58
1 10
20 58
3 45
1 126
17 58
1 126
1 58
3 126
1 36
1 35
3 64
1 35
12 64
1 35
22 64
1 35
1 64
1 35
4 64
1 35
1 64
2 35
4 64
2 35
1 61
1 33
2 61
1 33
3 58
1 126
8 58
2 126
3 45
24 58
1 10
20 58
3 45
1 126
17 58
4 126
1 58
1 35
2 64
1 35
6 64
1 35
7 64
1 35
1 64
1 35
18 64
4 35
8 64
3 35
2 64
1 35
1 64
1 36
1 35
1 36
1 61
1 36
1 59
2 58
1 126
5 58
1 126
2 58
2 126
3 45
24 58
1 10
20 58
3 45
1 126
18 58
3 126
1 58
1 35
8 64
2 35
7 64
1 35
1 64
1 35
6 64
1 35
10 64
2 35
1 36
11 64
1 35
1 64
1 35
3 64
2 35
1 36
1 61
1 42
1 36
2 58
1 126
9 58
1 126
3 45
24 58
1 10
20 58
3 45
1 126
19 58
2 126
1 59
8 64
3 35
6 64
3 35
5 64
3 35
10 64
1 35
1 36
1 35
1 64
1 35
5 64
1 35
1 64
1 35
8 64
2 36
1 42
1 61
1 35
1 33
1 58
1 126
9 58
1 126
3 45
24 58
1 10
20 58
1 126
2 45
1 126
19 58
2 126
1 33
1 35
6 64
5 35
3 64
5 35
1 64
2 35
1 64
4 35
9 64
2 35
1 36
1 35
4 64
1 35
2 64
5 35
6 64
2 36
2 42
1 61
1 36
11 58
1 126
3 45
24 58
1 10
20 58
1 126
2 45
1 126
18 58
3 126
1 33
3 64
12 35
1 36
1 35
2 36
1 35
1 64
6 35
10 64
4 35
3 64
10 35
5 64
1 35
1 36
1 42
1 33
1 36
1 42
1 33
1 126
9 58
1 126
2 45
1 126
24 58
1 10
20 58
1 126
2 45
1 126
21 58
1 33
3 64
12 35
1 36
1 35
2 36
9 35
9 64
3 35
4 64
11 35
4 64
1 35
2 36
1 59
1 61
1 33
1 61
10 58
1 126
3 45
24 58
1 10
20 58
1 126
2 45
1 126
21 58
1 33
3 64
14 35
2 36
2 35
1 36
2 35
2 36
1 35
5 64
1 35
4 64
2 35
2 64
1 35
2 64
4 35
3 36
1 35
8 64
1 61
1 36
3 42
1 61
9 58
2 126
3 45
24 58
1 10
20 58
1 126
2 45
1 126
20 58
1 126
1 42
3 64
4 35
2 64
2 35
1 36
15 35
1 64
1 35
2 64
1 35
1 36
4 64
2 35
1 64
12 35
8 64
1 61
2 36
2 42
1 61
9 58
2 126
3 45
24 58
1 10
20 58
1 126
2 45
1 126
18 58
1 126
1 58
1 126
1 42
4 64
2 35
3 64
1 35
2 36
14 35
1 64
1 35
3 64
1 35
1 36
3 64
2 35
2 64
6 35
3 64
1 35
1 64
1 35
8 64
2 36
1 35
2 42
1 36
2 58
1 126
6 58
2 126
2 45
1 126
24 58
1 10
20 58
1 126
2 45
1 126
18 58
3 126
1 42
4 64
1 35
3 64
2 35
1 36
2 35
1 36
2 35
3 64
2 35
1 64
1 35
1 64
18 35
1 64
4 35
14 64
1 61
1 35
1 33
2 61
3 58
1 126
6 58
1 126
2 45
1 126
24 58
1 10
20 58
1 126
2 45
2 126
18 58
2 126
1 42
8 64
2 35
1 36
1 35
1 36
3 35
5 64
10 35
1 36
15 35
14 64
1 61
1 35
1 36
1 61
1 59
3 58
1 126
6 58
1 126
2 45
1 126
24 58
1 10
20 58
1 126
2 45
1 126
20 58
1 126
1 59
8 64
4 35
2 36
1 35
6 64
8 35
4 36
12 35
1 64
1 35
14 64
1 61
1 36
1 35
1 42
3 58
2 126
5 58
2 126
2 45
1 126
24 58
1 10
20 58
1 126
3 45
18 58
3 126
1 59
1 35
6 64
8 35
5 64
7 35
3 36
2 61
1 36
12 35
16 64
1 36
1 61
1 42
1 33
3 58
1 126
6 58
2 126
2 45
1 126
24 58
1 10
20 58
1 126
3 45
17 58
4 126
1 59
1 35
7 64
6 35
5 64
5 35
5 36
3 61
1 36
1 35
1 36
3 35
3 64
4 35
16 64
2 42
1 33
4 58
1 126
7 58
1 126
2 45
1 126
24 58
1 10
20 58
1 126
3 45
18 58
2 126
1 58
1 61
8 64
1 35
1 64
3 35
6 64
5 35
4 36
2 61
2 42
1 61
3 36
2 35
4 64
3 35
16 64
1 42
1 61
1 42
5 58
1 126
6 58
1 126
2 45
1 126
24 58
1 10
20 58
1 126
3 45
18 58
2 126
1 58
1 36
1 35
10 64
2 35
5 64
6 35
3 36
3 61
2 42
1 61
3 36
2 35
3 64
2 35
1 64
1 35
15 64
1 35
1 33
1 42
1 61
1 59
11 58
1 126
2 45
1 126
24 58
1 10
21 58
3 45
1 126
17 58
1 126
1 58
1 33
1 36
1 35
7 64
1 35
3 64
1 35
5 64
1 35
2 64
5 35
3 36
1 42
1 33
1 61
5 36
1 35
3 64
1 35
19 64
1 42
2 61
1 59
1 126
10 58
1 126
2 45
1 126
24 58
1 10
21 58
3 45
1 126
17 58
1 126
1 58
1 42
1 36
1 35
10 64
2 35
4 64
1 35
3 64
6 35
1 36
1 61
1 42
1 33
1 61
3 36
1 35
2 36
1 35
2 64
1 35
18 64
1 35
1 61
2 42
12 58
1 126
2 45
1 126
24 58
1 10
21 58
1 126
2 45
1 126
17 58
1 126
1 58
1 42
2 36
10 64
2 35
4 64
1 35
2 64
7 35
2 36
1 42
1 33
1 61
2 36
2 35
1 36
1 61
1 35
19 64
1 35
1 64
1 35
1 36
1 42
1 35
12 58
1 126
1 45
2 126
24 58
1 10
21 58
1 126
2 45
1 126
16 58
2 126
1 58
2 61
1 36
10 64
1 35
4 64
2 35
2 64
6 35
3 36
1 42
1 59
3 61
2 35
2 61
1 36
1 35
19 64
1 35
1 61
1 36
2 35
12 58
1 126
1 45
2 126
24 58
1 10
21 58
1 126
2 45
1 126
17 58
1 126
1 58
1 42
1 61
1 36
10 64
1 35
4 64
1 35
3 64
1 35
1 36
6 35
1 36
1 61
1 33
1 61
2 36
2 35
2 42
2 36
16 64
1 35
1 36
2 35
1 36
1 61
2 35
1 59
11 58
1 126
1 45
2 126
24 58
1 10
21 58
1 126
2 45
1 126
19 58
2 61
1 35
14 64
1 35
4 64
3 35
1 36
4 35
2 36
1 42
1 61
2 36
1 35
1 36
2 42
1 61
1 36
1 35
15 64
2 36
1 35
1 36
1 42
1 35
1 36
1 35
1 33
11 58
4 126
24 58
1 10
21 58
1 126
2 45
1 126
19 58
2 61
1 36
15 64
2 35
1 64
6 35
1 64
3 35
3 36
1 35
1 36
1 64
1 61
3 42
1 61
1 35
14 64
1 35
1 61
1 36
1 35
1 42
1 33
1 36
1 35
1 36
1 59
11 58
4 126
24 58
1 10
21 58
1 126
2 45
1 126
19 58
2 61
1 36
4 64
1 36
2 35
3 64
5 35
1 36
3 35
1 36
4 35
1 64
7 35
1 36
1 35
1 61
1 42
2 33
1 42
1 35
14 64
1 36
1 61
2 35
1 42
1 61
1 35
1 64
1 35
1 59
11 58
4 126
24 58
1 10
21 58
1 126
2 45
1 126
19 58
2 61
1 36
4 35
1 36
1 61
1 42
1 61
1 36
1 61
4 42
1 61
1 36
3 35
1 36
11 35
1 36
2 35
4 33
1 42
1 36
13 64
1 35
1 61
1 36
1 64
1 42
1 61
4 35
12 58
3 126
25 58
1 10
21 58
1 126
2 45
1 126
19 58
2 61
2 36
1 61
1 42
1 36
1 61
1 33
4 61
1 42
1 59
1 33
1 42
1 36
3 35
1 36
1 35
2 36
4 35
5 36
2 35
1 61
4 59
1 42
1 36
1 35
12 64
1 36
1 61
1 35
1 36
1 42
1 36
1 35
1 64
1 35
1 36
12 58
3 126
25 58
1 10
21 58
1 126
2 45
1 126
19 58
2 61
1 36
1 42
1 61
1 36
1 35
1 61
1 33
4 42
1 36
1 42
2 33
1 42
5 61
5 36
1 61
1 42
2 33
1 42
1 61
2 36
1 33
1 59
1 126
3 58
1 33
1 36
11 64
1 35
2 61
1 64
1 59
2 36
2 64
1 35
1 42
12 58
3 126
25 58
1 10
21 58
1 126
2 45
1 126
19 58
1 42
1 36
1 61
1 33
1 36
2 35
1 61
1 58
1 59
3 33
1 59
1 42
2 59
1 58
1 59
1 126
2 45
1 126
2 59
3 42
1 59
1 58
1 126
1 58
1 33
2 42
1 59
1 58
5 126
1 58
1 61
1 35
9 64
1 35
1 36
1 61
2 36
1 33
1 35
1 36
1 64
2 35
13 58
3 126
25 58
1 10
21 58
2 126
1 45
1 126
19 58
1 33
1 36
1 61
1 59
1 36
2 35
1 42
2 58
1 59
3 58
2 59
3 58
1 45
2 46
1 44
1 126
5 33
1 42
1 33
3 59
1 58
2 126
5 45
1 126
1 58
1 61
1 35
8 64
1 35
2 61
1 35
1 33
1 35
1 61
1 35
1 64
1 35
1 36
13 58
3 126
25 58
1 10
21 58
4 126
19 58
1 59
1 36
1 61
1 59
1 42
1 36
1 35
1 42
3 126
4 58
1 61
1 36
1 61
1 33
1 58
1 46
1 44
1 45
1 59
1 126
1 58
1 33
1 42
2 36
1 33
1 61
4 42
1 59
1 58
1 126
4 45
1 58
2 61
1 36
1 35
6 64
1 36
2 61
1 36
1 59
1 35
1 36
1 35
1 64
1 35
1 61
13 58
3 126
25 58
1 10
22 58
3 126
20 58
1 61
1 36
1 42
1 59
1 61
1 35
1 42
1 126
3 45
3 126
2 42
2 126
1 45
1 126
1 42
1 58
1 44
2 45
1 126
1 58
1 59
2 61
1 126
1 59
1 61
1 33
3 58
2 126
1 45
1 44
1 33
1 61
2 126
1 33
1 61
1 35
5 64
2 61
1 35
1 42
1 35
1 61
1 35
2 64
1 35
1 33
13 58
3 126
25 58
1 10
22 58
3 126
20 58
1 42
1 36
1 33
1 59
1 42
1 36
1 33
1 126
4 45
2 126
1 59
1 36
1 33
1 45
1 46
1 44
1 42
1 126
1 45
2 44
2 126
1 58
5 126
1 33
5 45
1 59
1 42
1 59
2 45
1 126
1 58
1 33
1 35
3 64
2 35
1 61
2 36
1 61
1 35
1 61
1 35
1 64
2 35
14 58
3 126
25 58
1 10
22 58
3 126
20 58
1 59
1 36
1 42
1 58
1 59
1 36
1 42
1 126
5 45
1 126
1 59
1 36
1 59
1 44
1 32
1 46
1 33
1 59
1 126
2 44
1 45
3 126
4 45
1 126
1 59
2 45
1 58
1 36
1 59
4 45
2 126
1 33
1 35
2 64
2 35
1 36
1 61
1 36
1 61
1 36
3 35
1 64
1 35
1 42
14 58
3 126
25 58
1 10
22 58
3 126
21 58
1 42
1 61
1 59
1 33
1 61
1 42
1 126
5 45
1 126
1 42
1 61
1 126
1 46
1 32
1 44
1 59
1 33
1 61
1 45
2 44
8 45
1 59
1 126
1 42
1 35
1 58
5 45
1 126
1 58
1 33
1 35
3 64
1 35
1 61
1 36
1 61
2 35
1 36
1 35
1 64
2 35
1 59
14 58
3 126
25 58
1 10
22 58
3 126
21 58
1 33
1 36
1 61
1 126
2 61
1 126
6 45
1 33
1 58
1 44
2 32
1 46
1 126
2 33
1 126
4 44
3 45
2 44
1 45
1 33
1 42
1 126
6 45
2 126
1 58
1 42
2 64
3 35
2 61
1 42
1 61
1 35
1 36
2 64
2 35
15 58
3 126
24 58
1 59
1 10
22 58
3 126
21 58
1 33
1 61
1 35
1 61
1 59
1 61
1 58
1 126
4 45
1 58
2 126
1 46
2 32
1 46
1 44
1 33
1 58
1 45
10 44
1 59
1 58
3 44
5 45
1 126
1 58
1 36
2 64
2 35
2 36
1 61
1 42
3 35
1 64
2 35
1 33
15 58
3 126
25 58
1 10
2 59
20 58
3 126
21 58
1 33
1 42
1 36
1 35
1 36
1 59
1 126
1 58
1 126
2 45
1 58
1 45
1 126
1 45
3 32
1 46
1 44
1 126
1 45
11 44
1 59
1 126
5 44
2 45
2 126
1 59
1 35
1 64
3 35
1 36
1 61
1 33
1 42
2 36
1 64
2 35
1 36
16 58
3 126
4 58
1 59
7 58
1 59
11 58
1 59
1 10
3 59
19 58
3 126
21 58
1 33
2 42
1 36
1 35
1 61
1 33
1 58
3 126
2 45
1 126
1 44
2 32
2 46
1 44
1 45
1 59
1 126
1 45
9 44
1 42
1 45
5 44
2 45
1 126
1 58
1 42
2 64
1 35
1 36
1 35
1 36
1 35
1 61
1 42
2 35
2 64
1 35
1 42
16 58
3 126
3 58
1 59
7 58
2 59
1 58
4 59
3 58
2 59
1 58
1 59
1 10
8 59
14 58
3 126
21 58
1 33
2 42
1 61
2 36
1 59
1 126
6 45
1 46
2 32
2 46
2 44
1 126
2 58
1 126
7 44
1 45
1 126
6 44
2 45
1 126
1 59
1 61
1 64
5 35
1 36
1 42
1 36
3 64
2 35
7 58
1 59
9 58
3 126
3 58
1 59
7 58
14 59
1 10
5 59
6 58
1 59
10 58
3 126
21 58
1 33
1 42
3 61
1 36
1 59
1 126
2 45
1 44
2 45
1 44
1 46
2 32
5 46
1 126
1 58
2 126
6 44
1 58
2 44
2 46
3 44
1 45
1 126
1 58
1 59
2 35
2 64
3 35
3 36
1 35
2 64
1 35
1 42
17 58
3 126
3 58
1 59
2 58
1 59
1 58
17 59
1 10
8 59
14 58
3 126
21 58
2 42
3 61
1 35
1 33
1 58
1 45
2 44
1 45
1 126
1 45
1 46
2 32
2 46
3 32
1 44
1 58
2 126
4 44
2 126
1 44
4 46
2 44
1 45
2 126
1 58
1 33
1 35
4 64
2 35
2 36
2 35
1 64
2 35
1 59
17 58
3 126
3 58
22 59
1 10
14 59
3 58
1 59
4 58
3 126
21 58
1 33
4 61
1 35
1 42
1 58
1 126
1 45
1 44
1 45
1 58
1 59
1 45
4 44
3 46
1 44
1 126
2 45
1 126
2 59
1 126
2 44
4 46
2 44
2 45
2 126
1 59
1 42
4 64
3 35
2 36
3 64
1 35
1 33
18 58
3 126
1 58
24 59
1 10
14 59
2 58
2 59
4 58
3 126
21 58
1 33
1 42
3 61
2 36
1 59
1 126
3 45
1 126
1 58
1 59
2 126
1 58
1 33
1 59
2 45
1 126
1 45
1 46
2 44
2 45
2 44
4 46
2 44
3 45
1 126
1 58
1 59
1 36
1 35
4 64
1 35
2 61
1 35
2 64
1 35
1 36
1 59
18 58
3 126
1 58
24 59
1 10
14 59
1 58
3 59
5 58
2 126
21 58
1 33
1 42
2 61
2 36
1 35
1 33
1 58
1 126
2 45
2 126
4 58
2 126
1 58
1 126
1 45
1 44
3 46
9 44
3 45
2 126
1 58
1 33
2 35
4 64
1 35
2 36
3 64
1 35
1 61
1 59
18 58
3 126
1 58
24 59
1 10
19 59
4 58
3 126
3 58
3 59
14 58
1 59
1 42
1 61
3 36
1 35
1 61
1 59
1 58
1 126
1 45
2 126
4 45
5 44
5 46
6 44
4 45
2 126
1 58
1 59
1 33
1 35
5 64
3 35
3 64
1 36
1 42
17 58
1 59
1 58
3 126
1 58
24 59
1 10
20 59
3 58
3 126
2 58
3 59
5 58
3 59
8 58
1 42
1 61
3 36
1 35
1 36
3 59
3 126
1 45
7 44
5 46
4 44
7 45
2 126
1 58
1 59
1 42
1 61
1 35
3 64
3 35
3 64
1 35
1 36
11 58
1 59
6 58
1 59
1 58
3 126
2 58
23 59
1 10
21 59
2 58
3 126
15 59
6 58
1 33
1 61
3 36
1 35
1 61
1 42
1 58
2 59
2 126
1 45
4 44
2 46
1 44
3 46
5 44
7 45
2 126
1 58
1 59
1 33
1 42
1 61
1 36
3 64
3 35
3 64
1 35
1 59
9 58
3 59
6 58
1 59
1 58
2 126
2 58
24 59
1 10
22 59
1 58
2 126
2 58
16 59
5 58
1 33
2 61
1 42
1 61
2 42
1 59
1 58
1 59
1 33
1 59
1 126
10 44
11 45
2 126
2 58
1 59
3 42
1 61
1 35
3 64
2 35
1 36
1 42
11 58
4 59
6 58
1 59
1 58
2 126
2 58
24 59
1 10
22 59
2 58
1 126
2 58
10 59
5 33
3 59
2 58
1 33
4 42
1 61
2 42
1 33
1 58
1 59
1 33
1 42
1 33
1 58
5 126
3 45
5 126
6 45
3 126
1 58
1 59
1 33
3 42
1 61
1 35
2 64
1 36
1 42
1 36
1 59
13 58
3 59
2 58
5 59
1 58
2 126
2 58
24 59
1 10
22 59
2 58
1 126
2 58
3 59
1 42
2 36
2 35
1 64
8 35
1 36
4 42
5 61
2 36
3 59
3 58
1 59
5 33
2 59
1 33
1 59
1 58
2 126
6 45
2 126
1 58
1 59
1 33
1 42
2 33
1 42
1 61
1 36
1 35
1 64
1 42
1 61
1 35
1 61
2 42
1 33
1 59
5 58
1 59
1 58
12 59
1 58
2 126
2 58
24 59
1 10
22 59
4 58
2 33
1 61
6 64
2 35
2 36
2 61
2 36
1 61
5 42
1 61
6 36
1 33
1 58
1 59
1 58
1 126
1 45
3 44
2 45
4 126
8 45
3 126
1 58
1 59
1 33
1 42
3 33
1 42
2 61
2 35
1 42
3 35
3 36
1 61
4 42
1 33
1 58
1 126
1 45
3 44
1 45
2 126
2 58
1 126
2 59
2 58
1 126
1 58
25 59
1 10
20 59
1 42
1 61
1 35
8 64
1 42
1 44
2 46
5 44
1 126
6 42
1 33
2 42
1 61
1 36
2 35
2 36
1 61
1 58
2 59
1 58
1 45
3 44
9 45
6 126
2 58
1 59
1 33
2 42
3 33
1 42
2 61
1 36
7 35
3 61
4 42
1 33
1 59
1 58
2 126
6 45
2 44
1 45
1 59
2 126
1 58
25 59
1 10
18 59
1 42
7 64
1 35
1 36
1 126
7 44
1 45
1 58
1 59
1 33
1 42
1 33
7 42
1 61
1 36
3 35
2 36
1 35
1 59
1 58
3 59
1 58
1 126
8 45
4 126
4 58
2 59
2 42
5 33
1 42
2 61
1 36
1 35
1 64
3 35
1 36
2 61
6 42
1 33
2 59
2 58
8 126
1 45
1 126
1 33
2 58
25 59
1 10
18 59
1 42
5 64
1 35
1 64
1 35
1 59
4 45
1 58
1 33
1 42
2 33
7 42
2 61
7 36
2 35
1 36
1 35
1 42
2 58
4 59
2 58
10 126
1 58
3 59
1 33
2 42
6 33
1 42
2 61
1 36
4 35
1 64
1 36
3 61
2 36
3 61
2 42
1 33
3 59
9 58
1 61
1 126
1 58
25 59
1 10
18 59
1 42
5 64
3 35
1 33
1 58
2 126
1 42
3 33
7 42
1 61
4 36
5 61
4 36
1 35
1 36
1 58
2 126
7 58
7 126
2 58
2 59
1 33
2 42
2 33
3 59
2 33
1 42
1 61
2 36
6 35
3 36
4 35
2 36
5 61
2 36
1 61
2 58
4 59
1 36
1 126
1 58
25 59
1 10
18 59
1 42
5 64
3 35
3 33
3 42
1 61
3 42
15 61
5 36
1 35
1 59
16 126
1 58
2 59
3 42
2 33
4 59
2 33
1 42
1 61
2 36
8 35
1 36
4 35
2 64
6 35
1 36
2 42
1 33
1 59
3 33
1 36
2 58
25 59
1 10
18 59
1 42
5 64
3 35
1 42
1 61
14 42
11 61
3 36
1 35
1 36
1 58
3 126
10 45
1 126
1 58
1 59
1 33
3 42
1 33
6 59
2 33
1 61
1 36
1 61
1 36
9 35
1 36
10 35
1 36
2 42
1 33
1 42
4 33
1 36
1 59
1 58
25 59
1 10
18 59
1 42
6 64
1 35
1 61
1 42
2 61
1 42
1 33
15 42
7 61
4 36
1 35
1 61
1 59
1 58
2 126
8 45
1 126
1 58
1 59
3 42
2 33
7 59
1 33
1 42
1 61
1 36
1 61
1 36
20 35
1 61
5 42
3 33
1 36
1 59
1 58
25 59
1 10
17 59
1 33
1 42
5 64
1 35
2 33
7 42
1 61
6 42
2 61
5 42
6 61
3 36
3 35
1 36
1 33
1 59
1 58
4 126
3 45
1 126
1 58
1 33
1 42
5 33
7 59
1 33
1 42
1 36
2 61
1 36
19 35
1 61
5 42
1 33
2 42
1 59
1 36
1 33
1 58
25 59
1 10
18 59
1 61
4 64
1 36
1 59
2 33
1 42
1 61
4 42
2 61
8 42
1 61
5 42
3 61
1 36
1 61
3 36
4 35
1 64
1 61
1 33
2 59
2 58
2 126
1 58
8 33
2 59
4 58
2 59
1 33
2 61
1 42
1 61
19 35
8 42
2 33
2 42
2 33
25 59
1 10
18 59
1 61
4 64
4 33
1 42
1 61
3 42
5 61
4 42
4 61
3 42
4 61
4 36
5 35
2 64
1 42
5 33
3 42
4 33
4 59
4 58
2 59
1 33
1 42
1 35
2 42
1 61
2 64
17 35
4 36
4 61
1 42
2 33
2 42
2 61
24 59
1 10
17 59
1 33
1 61
3 64
1 61
1 42
3 33
1 42
2 61
2 42
5 61
4 42
12 61
3 36
1 35
6 64
1 35
1 42
4 33
4 42
3 33
10 59
1 33
2 61
2 42
1 35
1 64
11 35
9 36
9 61
1 42
1 61
1 36
2 61
23 59
1 10
15 59
3 33
1 61
3 64
1 61
2 42
2 33
1 42
11 61
3 42
11 61
4 36
7 64
1 36
1 42
5 33
3 42
3 33
7 59
2 33
1 42
1 35
2 42
1 61
1 35
1 64
9 35
5 36
2 61
2 36
1 61
2 36
9 61
2 36
1 61
2 42
1 33
21 59
1 10
14 59
4 33
1 36
3 64
1 36
1 61
4 42
6 61
1 36
4 61
3 42
12 61
3 36
1 35
7 64
1 36
1 42
9 33
6 59
3 33
1 42
1 35
1 61
2 42
11 35
4 36
6 61
3 36
6 61
4 36
2 61
2 42
2 33
20 59
1 10
14 59
4 33
1 36
2 64
3 36
1 61
3 42
7 61
2 36
3 61
2 42
2 61
2 36
7 61
4 36
1 35
8 64
1 36
1 42
2 33
3 42
7 33
1 59
2 33
2 42
1 61
1 36
1 42
1 33
1 61
10 35
5 36
8 61
1 36
7 61
1 36
1 35
1 36
1 61
1 42
4 33
1 42
19 59
1 10
14 59
4 33
1 36
2 64
1 61
1 36
1 35
2 61
2 42
7 61
3 36
3 61
1 42
2 61
4 36
3 61
6 36
1 35
9 64
1 35
4 42
3 61
3 42
6 33
1 42
1 35
1 42
1 33
1 61
12 35
5 36
7 61
1 36
6 61
3 36
1 61
1 42
2 33
4 42
1 33
18 59
1 10
13 59
5 33
1 36
1 64
1 35
1 61
1 36
1 35
1 36
1 61
2 42
6 61
5 36
2 61
1 42
2 61
14 36
1 35
10 64
1 36
2 42
4 61
2 42
6 33
1 61
1 42
1 33
14 35
5 36
7 61
1 36
6 61
2 36
1 42
2 33
2 42
4 61
1 42
18 59
1 10
7 59
1 33
4 59
6 33
1 35
1 64
2 61
1 36
2 35
2 61
1 42
5 61
7 36
4 61
14 36
1 35
12 64
1 36
1 61
1 42
1 61
4 42
4 33
1 42
1 36
1 42
16 35
5 36
12 61
2 36
3 42
1 61
5 36
2 61
18 59
1 10
6 59
2 33
2 59
8 33
1 35
1 64
1 61
2 36
2 35
1 36
7 61
2 36
2 35
3 36
5 61
13 36
2 35
14 64
1 35
1 36
6 61
1 35
2 64
18 35
4 36
6 61
1 36
7 61
2 42
1 36
5 35
1 36
2 61
1 33
17 59
1 10
4 59
14 33
2 35
1 61
2 36
3 35
8 61
1 36
2 35
4 36
4 61
13 36
4 35
3 64
1 35
4 64
4 35
12 64
17 35
4 36
11 61
1 36
3 61
1 36
7 35
1 36
1 61
1 42
17 59
1 10
1 59
16 33
1 42
1 35
2 61
2 36
3 35
1 36
7 61
5 35
2 36
4 61
12 36
4 35
1 64
13 35
1 64
1 35
7 64
19 35
4 36
14 61
1 36
8 35
1 36
2 61
1 33
16 59
1 10
17 33
1 42
1 35
1 42
1 61
3 36
2 35
1 36
2 61
1 36
1 61
1 36
2 61
6 35
2 36
4 61
8 36
11 35
1 64
37 35
5 36
4 61
2 36
3 61
2 36
1 61
1 36
9 35
1 36
2 61
1 42
16 59
1 10
17 33
1 42
1 36
2 61
3 36
3 35
1 36
1 61
1 36
1 61
2 36
1 61
1 36
6 35
1 36
5 61
7 36
11 35
1 64
15 35
1 64
21 35
5 36
3 61
3 36
1 61
5 36
1 35
1 64
8 35
1 36
2 61
1 42
1 33
15 59
1 10
17 33
1 42
1 36
2 61
3 36
3 35
6 36
1 61
1 36
6 35
2 36
4 61
7 36
25 35
2 64
23 35
15 36
1 35
2 64
7 35
2 36
3 61
1 33
15 59
1 10
15 33
1 64
1 35
1 64
1 36
2 61
4 36
3 35
5 36
2 61
7 35
2 36
3 61
6 36
26 35
1 64
25 35
13 36
2 35
1 64
8 35
2 36
3 61
1 42
15 59
1 10
15 33
2 64
1 35
1 42
2 61
4 36
4 35
4 36
2 61
7 35
2 36
3 61
6 36
53 35
2 36
1 35
8 36
2 35
2 64
3 35
1 36
4 35
1 36
4 61
1 42
1 33
14 59
1 10
15 33
1 35
1 64
2 61
6 36
4 35
5 36
1 61
1 36
7 35
2 36
3 61
5 36
14 35
1 64
45 35
4 36
1 35
3 64
3 35
1 36
4 35
2 36
3 61
2 42
1 59
5 58
8 59
1 10
15 33
1 36
1 64
1 61
7 36
4 35
5 36
1 61
1 36
7 35
2 36
3 61
5 36
8 35
1 36
5 35
1 64
44 35
5 36
1 35
2 64
4 35
1 36
4 35
2 36
4 61
1 42
6 33
8 42
1 10
15 59
1 36
1 35
2 61
7 36
4 35
4 36
1 61
1 36
7 35
2 36
4 61
4 36
8 35
1 36
50 35
4 36
2 35
1 64
10 35
3 36
2 61
3 42
1 61
12 36
1 10
5 61
6 42
4 61
2 35
3 42
2 61
6 36
2 35
6 36
8 35
2 36
3 61
4 36
20 35
1 36
38 35
4 36
1 35
2 64
9 35
2 36
1 61
1 36
2 61
3 42
1 61
2 36
2 61
8 36
1 10
16 36
1 33
4 42
4 61
3 36
2 35
6 36
9 35
2 36
2 61
6 36
57 35
2 36
1 35
1 36
1 35
2 64
9 35
2 36
5 61
2 42
2 61
1 36
2 61
8 36
1 10
14 36
1 35
1 42
1 33
6 42
1 61
1 42
3 61
1 36
1 35
6 36
9 35
9 36
8 35
1 36
49 35
1 36
2 35
1 36
1 35
2 64
9 35
4 36
10 61
8 36
1 10
14 36
1 35
2 59
4 42
8 61
1 35
6 36
9 35
10 36
7 35
1 36
49 35
1 36
4 35
2 64
9 35
6 36
7 61
9 36
1 10
13 36
1 35
1 61
2 59
3 42
9 61
1 36
3 35
4 36
8 35
9 36
57 35
2 36
4 35
1 64
9 35
6 36
2 61
3 42
2 61
10 36
1 10
13 36
1 35
1 42
2 59
1 33
2 42
9 61
1 36
4 35
3 36
9 35
9 36
8 35
1 36
47 35
3 36
2 35
2 64
3 35
10 36
2 61
3 42
2 33
3 61
9 36
1 10
13 36
1 35
1 42
2 59
1 33
3 42
9 61
1 36
3 35
3 36
9 35
10 36
7 35
1 36
6 35
2 64
39 35
2 36
3 35
1 64
5 35
7 36
3 61
2 42
1 33
2 59
1 33
3 61
9 36
1 10
12 36
1 35
1 61
1 58
3 59
2 42
9 61
2 36
4 35
1 36
11 35
9 36
55 35
1 36
4 35
1 64
4 35
5 36
2 61
4 42
1 33
4 59
1 42
3 61
9 36
1 10
11 36
1 35
1 36
2 126
1 33
2 59
1 33
10 61
2 36
4 35
2 36
10 35
9 36
55 35
1 36
4 35
1 64
3 35
3 36
3 61
2 42
2 33
5 59
1 33
2 42
1 61
1 36
1 61
1 36
2 61
6 36
1 10
9 36
1 35
1 64
1 36
1 58
2 126
1 59
1 33
2 59
1 42
10 61
1 36
4 35
2 36
11 35
8 36
8 35
1 36
45 35
2 36
4 35
1 64
2 35
1 36
6 61
1 42
1 33
2 59
2 33
2 59
1 33
3 42
3 61
1 36
1 61
7 36
1 10
8 36
2 35
1 64
1 33
3 126
1 42
2 33
2 59
1 33
10 61
17 35
7 36
9 35
1 36
45 35
1 36
7 35
1 36
6 61
1 42
3 33
1 42
2 61
2 33
5 42
4 61
7 36
1 10
7 36
4 35
1 58
1 126
1 45
1 59
2 42
3 33
1 59
1 33
9 61
1 36
19 35
3 36
56 35
1 36
4 35
1 64
1 35
1 36
6 61
3 42
4 61
1 42
1 33
7 42
3 61
7 36
1 10
6 36
5 35
3 126
4 42
3 33
1 42
1 33
1 42
7 61
1 36
77 35
2 36
4 35
1 64
1 35
1 36
5 61
7 36
1 61
1 33
9 42
2 61
7 36
1 10
6 36
5 35
2 126
8 42
2 61
1 42
7 61
1 36
77 35
2 36
5 35
1 36
2 61
2 36
2 35
6 36
1 61
1 33
9 42
1 33
2 61
7 36
1 10
6 36
5 35
1 126
1 59
8 42
3 61
1 42
5 61
2 36
77 35
2 36
5 35
3 36
1 35
5 36
4 61
2 33
1 42
1 61
7 42
1 33
1 42
2 61
6 36
1 10
5 36
1 35
2 64
3 35
1 58
1 33
7 42
1 33
1 42
1 61
1 36
6 61
2 36
77 35
1 36
6 35
1 36
2 35
2 36
7 61
2 33
1 42
5 61
4 42
2 33
2 61
6 36
1 10
5 36
1 35
4 64
1 35
3 59
1 33
7 42
2 61
3 36
5 61
1 36
75 35
2 36
8 35
1 36
8 61
2 33
1 42
3 61
2 36
2 61
2 42
1 61
1 42
1 33
1 42
4 61
3 36
1 10
5 36
1 35
4 64
1 61
7 59
3 42
1 33
3 61
3 36
4 61
1 36
75 35
2 36
7 35
1 36
8 61
2 33
1 42
2 61
4 36
3 61
3 42
2 33
4 61
2 36
1 61
1 10
5 36
1 35
3 64
1 35
1 33
3 59
2 33
3 42
1 61
1 42
1 33
1 42
3 61
4 36
2 61
1 36
75 35
2 36
7 35
8 61
1 42
1 33
1 42
2 61
1 36
7 61
1 42
1 61
1 42
1 59
1 33
5 61
1 36
1 61
1 10
5 36
1 35
3 64
1 42
3 59
1 33
2 42
4 61
3 42
4 61
4 36
2 61
1 36
2 35
10 36
62 35
2 36
6 35
1 36
7 61
3 42
11 61
1 42
1 61
1 42
2 59
7 61
1 10
6 36
1 35
1 64
1 36
3 59
2 42
7 61
1 42
1 33
5 61
4 36
1 61
16 36
58 35
3 36
6 35
1 36
7 61
2 42
14 61
1 33
2 59
1 42
6 61
1 10
8 36
1 33
2 59
1 33
4 42
5 61
3 42
5 61
2 36
3 61
18 36
2 35
1 36
1 35
2 36
48 35
3 36
7 35
1 36
7 61
2 42
11 61
1 42
2 61
1 33
2 59
1 42
6 61
1 10
7 36
1 42
3 59
1 33
4 42
6 61
2 42
10 61
29 36
43 35
3 36
7 35
7 61
2 42
12 61
2 42
1 33
2 59
1 33
1 42
1 61
1 36
4 61
1 10
6 36
1 61
6 59
2 33
2 42
2 61
1 42
3 61
2 42
9 61
30 36
4 35
7 36
41 35
20 61
2 42
1 33
3 59
1 33
1 42
4 61
1 36
1 61
1 10
5 36
1 61
1 42
8 59
2 33
1 42
5 61
2 42
9 61
26 36
2 61
3 36
1 35
10 36
40 35
20 61
1 42
1 33
4 59
1 33
1 42
4 61
1 36
1 61
1 10
4 36
2 61
12 33
7 42
9 61
19 36
1 61
1 36
9 61
1 36
1 35
12 36
38 35
17 61
2 42
1 33
4 59
4 33
4 61
1 36
1 61
1 10
3 36
3 61
1 33
1 59
4 33
11 42
1 61
1 42
9 61
19 36
11 61
1 36
1 35
13 36
15 35
1 36
5 35
1 36
1 35
5 36
1 35
1 36
1 35
4 36
1 35
1 36
16 61
2 33
5 59
5 33
1 42
5 61
1 10
3 36
2 61
1 42
4 58
6 59
1 33
1 42
16 61
19 36
12 61
15 36
11 35
6 36
3 35
16 36
14 61
1 42
1 33
4 59
9 33
5 61
1 10
3 36
2 61
1 58
2 45
2 126
4 58
6 59
2 33
2 42
10 61
21 36
10 61
16 36
10 35
11 36
9 61
4 36
1 35
12 61
1 42
1 33
3 59
3 33
3 42
6 33
1 42
4 61
1 10
5 61
2 126
5 45
5 126
1 58
7 59
1 33
1 42
7 61
2 36
1 35
20 36
8 61
28 36
18 61
4 36
1 35
1 36
9 61
1 42
6 33
5 42
3 33
2 59
2 33
1 42
4 61
1 10
4 61
1 33
1 58
2 126
5 45
3 126
4 58
6 59
4 33
1 42
1 61
3 36
2 35
21 36
7 61
1 36
1 35
20 36
24 61
4 36
1 35
1 36
8 61
3 33
9 42
3 33
4 59
2 33
4 61
1 10
4 61
1 59
1 58
5 126
3 45
5 126
2 58
7 59
4 33
1 42
1 61
5 35
10 36
1 35
10 36
2 61
4 36
1 35
20 36
24 61
4 36
1 35
1 36
7 61
4 42
3 61
8 42
2 33
1 59
1 33
2 42
1 33
1 42
1 61
2 36
1 10
4 61
7 58
1 126
6 45
4 126
2 58
4 59
4 33
2 42
1 36
6 35
4 36
8 35
13 36
1 35
21 36
22 61
5 36
1 35
1 36
14 61
3 42
1 33
1 59
1 58
3 126
3 58
1 126
1 58
1 33
2 61
2 36
1 10
3 61
1 42
3 58
5 59
1 58
8 126
2 45
2 126
1 58
3 59
4 33
1 42
1 36
20 35
11 36
2 35
11 36
3 35
7 36
20 61
6 36
1 35
1 36
13 61
1 42
1 59
1 58
4 126
3 45
4 126
2 58
1 59
1 61
2 36
1 10
3 61
1 33
3 58
7 59
2 58
2 126
2 59
1 58
4 126
1 58
3 59
5 33
1 61
6 35
2 36
4 35
1 36
2 61
1 36
7 35
8 36
2 35
11 36
7 35
7 36
15 61
6 36
2 35
1 36
10 61
1 42
1 33
1 59
2 58
3 126
8 45
3 126
1 58
1 33
2 36
1 10
3 61
1 59
4 58
7 59
2 58
1 126
1 58
3 59
5 58
1 59
5 33
1 42
1 36
4 35
1 36
7 35
4 59
1 33
1 42
2 36
4 35
7 36
2 35
10 36
9 35
9 36
11 61
7 36
2 35
2 36
7 61
1 42
2 33
1 59
4 58
13 126
1 58
1 33
2 36
1 10
2 61
1 42
9 58
5 59
1 58
1 126
1 59
4 33
4 59
4 33
1 42
1 61
4 35
1 36
4 35
2 36
1 33
9 59
1 33
1 42
1 36
2 35
6 36
2 35
8 36
13 35
12 36
3 61
8 36
4 35
2 36
5 61
1 42
3 33
5 59
7 58
7 126
1 58
1 59
2 36
1 10
2 61
1 33
3 58
7 126
6 58
1 126
2 33
3 42
5 33
3 42
1 36
3 35
3 36
3 35
1 36
1 58
4 126
10 58
1 59
1 33
1 61
4 36
2 35
8 36
15 35
20 36
5 35
2 36
3 61
1 33
1 59
1 58
1 59
2 33
10 59
5 58
4 126
2 58
2 36